[data]

file = dps_addr01_20260312-095415.csv
sensor_address = 1
samples = 123
interval = 1.0
duration = 122

pressure_unit = bar
time_unit = s


[statistics]

mean = 1.006521
std = 0.000021
min = 1.006480
max = 1.006600


[linear_regression]

Pressure(time) = -2.142e-07 * time + 1.006534
slope = -2.142e-07
intercept = 1.006534
r2 = 0.1266


[stable_pressure_ci95]

method = normal
confidence = 0.95
mean = 1.006521
lower = 1.006517
upper = 1.006525
half_width = 0.000004
